0100000100110111001101100011101001000001011100110110
1000011101010011101000110001001110010011100100111001
0011100100001010010000010011001000110011001110100101
0010011000010110010001101000011000010011101000110010
0011000000110000001100000011000000001010010001100011
0110001110010011101001010010011000010111011001101001
0011101000110010001100000011000000110110001101010000
1010010001110011000000110010001110100100000101110110
0110100100111010001100110011100000110101001100110000
1010010010100011100000110101001110100100111001100001
0110100101101110011000010011101000110100001100000011
0000001100000011000000001010010110010011001100110101
0011101001010011011011110110111001110101001110100011
0100001101010011011000110010
